*Vertices 106
0 "Colosseum" 3998
1 "Trevi Fountain" 10642
2 "Pantheon" 6556
3 "St. Peter's Basilica" 3517
4 "Piazza di Spagna" 310
6 "Museo Nazionale di Castel Sant'Angelo" 1479
7 "Basilica di Santa Maria Maggiore" 1789
8 "Welcome to Rome" 291
9 "Vatican Museums" 3640
10 "National Roman Museum - The Baths of Diocletian" 94
11 "Stadio Olimpico" 112
13 "Villa Borghese" 332
16 "Roman Forum" 2858
17 "Catacombs of Saint Callixtus" 168
18 "Piazza Navona" 3853
19 "Spanish Steps" 2052
20 "Sistine Chapel" 1765
24 "Santa Maria Sopra Minerva" 59
25 "Church of St. Louis of the French" 157
27 "Trastevere" 2171
29 "Palatine Hill" 2339
31 "Vatican City" 368
32 "Museo Leonardo da Vinci - Piazza del Popolo" 82
34 "Cupola di San Pietro" 217
36 "Campo de' Fiori" 273
37 "Terme di Caracalla" 216
38 "Piazza Venezia" 243
39 "Piazza di Trevi" 102
40 "Galleria Alberto Sordi" 92
41 "Via del Corso" 88
42 "Monumento a Vittorio Emanuele II" 743
44 "La Pieta" 311
46 "Centro Storico" 137
47 "St. Peter's Square" 616
48 "Piazza del Popolo" 323
49 "Trenitalia" 279
51 "Fontane di Piazza San Pietro" 93
54 "Galleria Borghese" 1403
62 "Basilica di Santa Maria degli Angeli e dei Martiri" 97
63 "Santa Maria in Trastevere" 171
66 "San Pietro in Vincoli" 189
68 "Trinità  dei Monti" 71
71 "Domus Aurea" 201
74 "Basilica Papale San Paolo Fuori le Mura" 191
75 "Arcibasilica di San Giovanni in Laterano" 187
81 "Bioparco di Roma" 182
85 "Museum and Crypt of Capuchins" 190
88 "Il Buco della Serratura" 57
97 "Leonardo Express" 195
99 "Stazione Roma Termini" 261
102 "Musei Capitolini" 233
105 "Basilica di Santa Prassede" 48
107 "Scala Santa and Chapel of San Lorenzo" 64
108 "Stanze di Raffaello" 115
113 "Largo di Torre Argentina" 88
114 "Piramide Cestia" 64
117 "Ponte Sant'Angelo" 113
124 "Quirinale Palace (Palazzo del Quirinale)" 104
127 "Colonna Traiana" 79
130 "Circus Maximus" 197
132 "Piazza Barberini" 45
137 "Palazzo Doria Pamphilj" 166
140 "Chiesa di Sant'Agnese in Agone" 78
150 "Torre Argentina Cat Sanctuary" 136
151 "Complesso del Vittoriano" 70
152 "Bocca della Verita" 163
157 "Vatican Grottoes" 38
161 "Basilica di Santa Maria in Cosmedin" 47
165 "Piazza della Rotonda" 48
169 "Fontana del Moro" 35
170 "Arco di Costantino" 124
175 "Porta San Paolo" 13
201 "Chiesa del Santissimo Nome di Maria al Foro Traiano" 17
204 "Giardino degli Aranci" 44
208 "Basilica of San Clemente" 154
216 "Piazza della Repubblica" 58
218 "Sphere within a Sphere" 103
219 "Museo Nazionale Romano - Palazzo Massimo alle Terme" 143
232 "Villa Torlonia" 41
245 "Apolistic Palace" 25
250 "Fontana dei Quattro Fiumi" 124
254 "Baldacchino di San Pietro&& di Bernini" 107
255 "Cimitero Acattolico per Stranieri" 56
257 "Museo Nazionale Romano - Palazzo Altemps" 65
265 "Tesoro di San Pietro" 30
279 "Fontana Di Piazza Della Rotonda" 22
281 "Fontana della Barcaccia" 92
290 "Vaticano Egyptian Obelisk" 88
291 "Fontana del Tritone" 55
292 "Piazza del Campidoglio" 116
294 "Terrazza del Pincio" 69
302 "Obelisco Flaminio" 27
307 "Chiesa di Santa Maria del Popolo" 95
309 "Foro di Traiano" 32
321 "Santa Cecilia in Trastevere" 39
331 "Chiesa di Santa Maria di Loreto" 16
356 "Piazza di Santa Maria in Trastevere" 30
406 "St. Peter Enthroned" 31
445 "Porta Santa" 61
448 "Monument to Alexander VII" 33
456 "Cortile della Pigna" 48
468 "Vatican Gardens" 69
499 "Casina delle Civette" 23
523 "Tomba di Giovanni Paolo II" 36
705 "Obelisco Sallustiano" 27
796 "Fontana dei Leoni" 9
*Arcs 540
0 1 773
1 2 1224
2 3 348
3 4 6
6 7 22
7 0 63
0 2 222
9 10 3
2 1 814
1 3 463
3 18 183
18 9 158
9 19 71
19 20 79
20 6 12
24 25 6
25 2 6
2 29 218
29 3 49
3 16 48
16 19 101
16 18 204
13 1 17
1 9 283
9 20 370
1 27 327
18 32 2
32 1 9
1 19 406
27 3 40
3 34 34
34 17 1
18 1 656
1 36 18
36 37 1
38 39 4
39 29 2
29 2 91
2 0 334
40 41 4
4 1 19
1 38 14
38 42 29
3 44 65
44 8 1
46 47 2
47 19 12
19 42 47
42 18 28
18 48 16
37 1 12
1 29 194
19 1 139
3 20 366
20 51 7
29 16 203
16 1 350
1 10 4
2 16 493
16 29 460
29 54 55
54 18 68
1 18 619
18 27 202
27 9 38
20 47 90
2 18 551
7 2 291
9 3 364
20 19 44
18 54 39
54 2 39
2 7 94
7 1 123
1 0 260
0 29 137
0 18 96
27 6 105
3 9 357
9 2 75
0 37 4
7 18 62
18 2 190
42 40 2
62 63 1
9 1 133
18 66 3
1 16 245
29 9 58
27 2 71
48 1 12
1 68 2
68 4 6
51 20 2
16 11 2
42 1 24
2 38 13
16 3 56
29 18 230
6 54 17
54 46 3
46 4 3
9 29 91
29 7 31
7 42 10
42 20 11
19 40 2
6 74 6
74 75 9
38 36 1
9 0 51
0 6 23
75 1 11
0 54 26
20 1 70
18 16 98
88 1 4
0 31 16
31 3 32
20 44 66
44 51 5
3 2 107
0 16 317
29 1 292
2 9 140
2 27 124
18 29 117
29 19 93
19 16 64
20 36 3
99 29 5
27 16 28
105 74 1
27 18 93
16 6 48
6 3 57
54 6 39
6 2 60
0 3 104
20 108 23
108 47 9
20 9 213
9 18 61
1 20 114
2 54 93
54 1 142
54 9 18
1 6 229
6 27 38
99 7 6
7 9 26
9 16 51
16 2 123
0 42 10
31 1 14
2 113 7
37 114 1
48 19 19
42 0 7
0 20 33
20 16 26
18 20 24
44 9 16
9 36 5
36 3 8
3 1 142
29 27 83
11 16 4
18 6 86
6 4 4
4 48 15
48 38 7
38 3 7
34 20 10
9 47 63
47 42 8
107 2 2
1 54 74
20 63 2
1 42 64
54 27 54
6 85 4
27 54 21
1 8 6
8 19 1
20 42 7
42 127 5
127 9 2
7 37 1
37 6 5
6 75 5
75 107 13
19 0 25
9 44 53
130 18 7
132 2 2
1 47 17
2 6 96
27 1 178
1 4 40
4 3 10
9 25 4
16 9 45
2 20 41
20 7 12
150 1 6
6 9 43
152 29 3
19 54 18
54 42 6
6 46 3
20 3 162
9 31 13
102 9 8
63 27 12
16 31 5
31 48 1
130 27 6
19 2 95
29 20 33
157 62 1
54 20 9
54 102 5
16 161 1
117 169 1
169 170 1
170 51 1
74 114 1
114 175 3
20 29 30
3 29 48
29 0 25
9 27 39
11 0 3
1 7 93
18 74 6
74 9 3
32 85 1
7 16 80
18 4 21
54 3 19
31 17 1
17 3 1
29 85 2
204 19 2
18 19 164
9 54 28
3 47 124
16 124 1
124 27 1
27 29 35
1 74 12
16 54 39
6 42 26
0 7 28
47 3 48
20 208 1
27 161 3
1 85 11
0 151 6
3 49 2
102 2 5
7 29 46
6 18 55
18 7 34
47 44 23
44 1 2
20 27 48
19 27 72
27 0 28
18 218 1
8 1 12
54 29 27
16 27 71
16 7 24
9 6 27
36 32 1
1 31 24
31 20 26
16 38 5
38 2 8
2 19 137
1 132 1
132 117 2
18 68 2
18 208 6
208 1 5
17 1 8
8 7 1
7 27 41
27 20 23
19 29 46
29 6 39
85 1 9
6 29 32
19 18 75
1 48 16
2 151 2
151 1 4
137 1 7
3 19 70
0 9 67
31 0 9
0 19 36
0 27 38
3 42 24
42 150 5
150 152 1
152 19 2
19 107 4
1 124 8
16 42 27
150 63 3
63 25 2
250 19 5
19 85 4
3 157 4
157 254 2
254 9 3
47 27 5
27 114 2
114 255 6
137 37 1
257 102 4
1 40 6
38 216 2
41 2 3
11 19 3
42 54 5
6 71 2
16 20 37
20 18 16
137 130 1
6 16 34
19 48 30
48 20 1
47 265 7
19 9 57
6 48 8
48 27 5
42 152 1
165 279 6
152 4 1
4 281 11
281 130 1
130 68 2
150 99 1
99 39 1
39 113 1
49 88 1
27 36 7
132 290 1
290 291 1
291 250 1
292 117 1
294 124 1
302 6 1
18 161 2
161 63 2
16 46 5
46 42 3
38 47 2
9 108 27
27 74 11
18 3 92
25 307 3
19 63 3
63 1 6
124 54 2
27 42 19
309 151 2
38 127 4
7 54 35
66 42 5
38 49 1
102 219 1
219 10 4
10 321 1
1 250 9
250 9 3
3 37 3
17 2 4
6 19 42
19 3 56
20 31 12
47 1 20
81 29 2
4 0 4
9 34 20
27 152 3
152 1 8
9 81 6
3 7 21
113 150 5
81 4 1
18 169 5
169 250 8
2 165 7
165 24 1
42 292 10
68 281 2
281 201 1
201 331 8
331 4 1
3 255 2
6 170 1
3 292 1
292 18 5
47 218 11
99 137 1
137 42 2
42 19 23
20 2 32
16 130 5
130 1 1
29 17 2
16 0 50
29 31 1
31 38 1
42 151 1
151 170 1
170 42 2
13 9 6
108 1 2
6 117 17
117 75 1
6 1 90
2 130 6
130 165 1
165 29 1
16 13 8
42 16 9
1 39 10
39 19 4
3 99 4
99 2 8
34 47 27
47 108 8
108 9 5
19 7 26
4 170 3
42 117 2
117 9 3
1 97 7
27 19 39
47 34 12
34 29 2
34 6 5
3 17 4
19 36 5
36 9 2
85 7 5
54 219 3
19 250 8
2 36 11
36 18 16
117 3 6
41 1 2
1 71 7
27 63 19
63 356 7
356 75 1
75 208 7
208 18 4
29 42 21
48 2 7
18 204 1
204 309 1
130 29 5
208 17 1
150 0 2
47 254 4
2 42 30
4 16 5
54 19 14
137 6 1
38 1 9
44 34 28
34 290 2
290 7 1
204 88 7
88 41 1
3 54 10
130 0 3
27 265 1
48 71 1
54 7 22
152 27 3
13 97 2
38 108 1
13 27 8
27 31 2
31 9 6
25 16 1
16 62 1
62 1 3
47 20 28
3 0 41
99 0 6
0 38 5
170 20 1
9 254 4
254 44 6
3 63 1
63 16 3
4 13 3
9 42 12
31 19 9
16 71 1
1 281 9
42 7 8
255 2 1
18 38 9
20 54 11
97 0 4
3 137 2
0 4 7
4 19 25
9 74 3
74 20 2
47 406 2
1 137 9
18 36 10
219 105 2
9 218 17
2 152 7
9 11 2
3 27 31
63 18 1
127 48 2
279 1 1
130 16 4
27 47 5
47 2 14
39 48 2
48 63 2
9 219 4
6 130 5
16 99 3
6 63 2
48 294 9
18 37 5
42 6 15
38 170 2
39 102 1
102 19 6
1 99 10
8 71 1
19 219 2
219 74 1
307 102 1
25 18 3
13 113 1
113 18 3
31 44 5
44 3 19
47 445 12
27 130 3
3 48 6
48 18 15
44 47 34
47 448 4
19 13 9
13 54 7
54 0 12
0 74 4
74 1 5
18 0 43
54 208 4
208 9 2
102 1 10
31 16 2
20 130 6
130 114 3
114 19 2
36 2 8
29 127 6
130 49 1
152 161 8
161 6 2
44 254 30
254 47 22
66 13 1
13 4 3
18 31 11
20 218 7
44 20 18
20 34 22
0 32 1
32 19 2
1 46 8
46 85 2
85 18 4
31 27 4
2 74 7
456 51 8
51 245 10
37 0 3
6 20 23
42 48 14
48 13 8
13 124 1
36 130 1
7 157 1
157 10 1
9 51 1
127 291 1
161 38 1
38 292 5
292 29 4
29 281 2
40 255 1
66 25 5
25 24 2
24 137 1
62 307 2
117 294 1
4 99 1
99 18 3
218 456 19
456 468 2
468 20 3
20 445 2
445 44 2
3 254 9
254 406 2
406 448 3
448 34 1
47 290 12
290 51 11
161 130 3
29 170 6
117 13 2
281 19 10
68 46 2
47 16 5
54 71 6
71 219 1
20 40 1
1 130 14
27 41 1
41 18 4
13 204 1
42 29 17
152 102 1
18 46 6
46 19 3
445 3 1
448 218 1
218 47 3
9 99 4
99 16 5
34 3 16
2 4 7
19 281 18
281 6 2
34 254 16
3 6 39
27 38 7
38 48 6
85 16 4
47 6 8
117 152 2
152 42 5
2 99 5
170 16 5
165 250 1
250 48 2
294 9 4
9 24 1
24 19 3
19 4 17
4 68 5
108 265 3
27 75 3
3 140 1
2 75 7
75 27 3
27 7 32
7 66 10
3 108 4
4 2 16
47 9 20
99 34 1
2 47 12
24 165 1
279 2 3
151 292 1
102 16 6
356 63 1
49 18 3
7 8 1
8 29 1
27 291 2
291 18 1
151 2 1
7 6 24
1 25 4
38 16 3
257 24 1
42 3 22
54 170 1
170 29 10
16 24 3
24 2 3
6 0 22
321 137 1
137 54 6
3 38 5
2 132 1
132 1 4
20 81 2
75 37 3
37 4 2
2 292 6
31 36 1
36 42 4
42 2 39
9 468 5
468 1 2
48 9 4
18 151 3
54 37 2
1 13 14
10 29 1
29 11 2
54 62 2
62 19 3
19 66 1
47 51 12
19 6 28
18 25 7
44 523 1
130 74 1
4 24 1
19 105 1
39 170 6
6 47 8
445 254 2
34 1 9
42 46 7
46 7 2
7 20 8
20 75 5
75 127 1
127 117 1
117 19 3
137 9 3
27 499 1
51 218 7
218 2 2
1 75 3
1 117 8
117 48 2
9 124 5
20 38 1
74 7 8
16 107 3
7 19 21
250 42 7
4 47 2
4 38 11
38 130 2
130 9 5
31 51 3
218 44 4
9 132 2
130 7 4
20 406 3
68 1 4
1 41 3
140 151 1
151 161 1
161 170 1
1 152 16
152 31 1
2 34 4
16 102 6
71 16 2
48 307 15
54 16 15
38 29 7
47 161 1
161 19 2
216 99 5
36 232 1
232 499 6
151 42 2
127 331 2
331 201 1
201 38 1
124 0 1
42 74 1
3 66 3
107 46 1
46 25 3
63 281 1
281 117 1
117 42 8
81 19 3
18 49 3
19 38 6
6 10 1
10 1 3
1 102 11
47 31 20
31 445 1
445 51 1
51 290 9
7 68 3
6 34 2
3 31 19
37 16 4
107 1 2
117 18 2
29 32 1
4 27 6
27 13 3
48 152 4
152 6 3
6 356 1
356 13 1
13 216 1
216 7 1
9 265 4
0 47 5
47 4 7
2 97 5
97 54 1
2 321 1
321 208 1
208 130 1
218 445 3
8 124 1
124 9 2
250 140 3
140 2 2
130 3 7
34 445 3
44 108 19
8 18 3
2 71 2
71 102 2
102 0 2
9 13 7
1 11 7
54 151 1
152 151 1
19 117 10
42 11 2
9 63 3
63 2 5
102 161 1
161 152 4
152 75 2
75 114 1
114 88 2
8 2 6
71 66 2
54 232 1
1 63 7
6 25 4
25 19 3
54 13 8
1 208 8
208 29 2
16 321 1
321 7 1
2 25 8
25 75 4
75 74 4
74 46 3
46 20 1
3 105 3
105 9 1
9 102 10
102 42 6
18 307 2
307 36 1
34 218 3
18 216 3
7 97 1
97 99 7
97 18 5
102 48 2
48 4 17
4 9 7
66 3 4
42 47 6
11 54 1
36 38 3
38 68 1
2 170 3
170 117 3
117 7 1
29 44 2
254 218 3
37 124 2
20 25 2
29 152 3
46 29 1
499 9 1
2 31 12
3 25 2
307 42 3
42 170 5
170 36 1
36 16 4
74 137 1
97 29 2
108 34 7
34 2 3
47 152 1
152 99 1
1 219 3
66 44 1
44 46 2
71 137 1
6 66 3
66 1 14
6 31 4
2 250 6
9 7 13
6 99 4
7 3 21
108 254 10
254 20 2
20 448 1
448 44 2
44 291 1
152 18 3
27 34 3
34 9 9
37 2 4
18 99 7
75 7 7
8 99 1
19 102 4
254 31 3
130 2 9
20 0 26
51 0 1
13 36 1
29 46 1
18 39 1
39 63 2
63 75 1
108 51 2
54 44 1
44 7 4
7 105 6
105 254 1
114 219 1
219 17 1
17 124 1
124 19 2
19 137 1
31 47 10
47 18 6
140 25 4
20 32 1
13 232 1
48 117 1
152 34 2
281 2 2
7 130 2
117 2 1
18 42 24
2 17 5
27 46 11
294 29 1
31 523 2
523 445 7
445 290 5
290 218 7
218 107 1
107 42 2
42 41 3
41 32 1
32 48 4
48 130 2
281 4 9
4 117 2
27 113 1
113 63 2
63 40 1
40 29 2
254 157 3
3 81 3
38 31 2
31 34 5
406 9 1
75 42 3
29 25 1
25 6 3
9 152 3
20 254 4
445 523 5
523 157 1
157 51 1
1 216 2
216 19 2
151 3 2
3 13 7
4 18 8
85 0 4
36 27 7
2 85 5
37 18 3
27 219 1
17 0 3
34 468 3
468 48 1
1 291 7
38 6 3
1 292 2
292 16 1
2 63 6
4 41 3
9 97 1
31 42 2
3 75 3
151 36 2
2 150 1
1 37 6
42 307 1
29 309 1
113 1 5
208 19 3
108 44 10
54 74 7
54 10 1
218 51 4
51 48 1
232 18 1
54 321 1
7 307 2
292 4 4
2 24 4
99 48 1
36 0 1
0 294 1
294 2 1
170 130 5
257 2 1
44 468 4
468 34 2
108 290 2
218 245 1
245 18 1
46 75 7
75 25 3
25 63 3
63 250 2
42 62 1
307 24 2
24 117 1
13 38 2
38 124 1
124 292 3
292 41 2
41 36 2
113 151 1
151 39 1
114 165 1
165 356 1
356 68 1
68 130 2
130 152 5
152 140 1
34 219 1
20 13 4
13 468 1
27 150 3
66 16 6
152 2 5
63 130 1
130 40 1
25 29 2
18 279 1
0 170 6
307 48 5
48 41 3
41 40 2
44 208 1
208 2 5
27 137 1
137 0 2
74 19 3
108 74 1
2 46 7
42 102 3
102 152 1
107 54 2
54 48 3
1 66 10
1 170 3
170 38 2
63 29 2
0 13 6
36 6 3
3 85 3
85 19 5
6 17 4
13 7 4
54 17 1
17 6 1
216 152 1
7 62 3
54 25 4
18 292 3
292 19 3
48 36 3
18 97 2
102 7 3
18 102 4
7 85 3
85 9 4
219 54 4
18 47 10
29 130 8
130 19 4
17 7 2
102 3 2
218 1 2
37 42 3
9 48 5
4 6 3
40 11 1
71 54 6
47 456 1
456 406 1
0 250 2
250 1 5
13 29 2
47 468 9
218 290 4
290 456 2
51 42 2
130 39 1
39 1 5
2 81 3
81 6 2
137 3 1
150 2 7
6 41 3
41 19 7
9 157 2
157 108 2
108 2 1
17 16 3
85 29 2
13 3 8
47 130 3
130 20 1
38 165 1
32 2 4
292 42 4
63 13 2
468 290 2
290 47 6
19 81 2
19 294 2
294 42 1
170 1 7
13 2 9
499 232 3
232 81 1
117 140 1
81 1 6
68 0 1
3 208 3
1 88 1
49 7 2
27 97 1
32 3 1
49 2 1
468 2 2
46 27 4
208 468 1
468 17 1
27 4 5
13 42 4
108 38 1
16 63 2
7 75 12
74 4 2
108 20 7
254 523 4
523 47 2
51 124 1
290 18 2
130 170 1
34 42 4
29 62 5
62 6 1
0 208 2
42 124 1
309 127 3
127 38 5
250 169 9
169 18 2
18 265 1
265 445 3
445 20 5
3 290 3
51 47 2
117 219 1
302 796 6
796 294 1
294 19 2
281 7 1
255 114 2
130 204 2
151 27 3
27 124 1
292 170 2
13 0 6
44 29 1
47 157 6
157 3 1
108 445 2
19 47 9
265 218 3
218 34 2
34 307 1
25 85 1
81 54 3
6 62 1
9 62 1
8 81 1
27 99 3
152 130 6
38 4 4
6 291 1
0 150 2
219 13 2
47 29 7
216 292 1
42 132 2
132 19 3
46 31 2
31 127 1
20 102 2
36 29 2
250 2 3
38 13 1
34 16 3
150 42 2
42 114 1
13 39 1
254 290 3
290 157 1
157 219 1
219 42 1
42 4 8
117 36 3
6 250 3
169 140 5
19 114 1
10 216 2
54 292 2
292 1 6
27 48 8
48 132 2
132 41 1
41 6 2
255 85 1
75 204 1
2 62 3
468 47 2
218 3 2
290 16 1
130 85 1
66 2 4
31 291 2
19 17 2
17 85 4
25 292 1
47 36 4
36 1 13
113 208 1
51 468 1
468 7 1
6 257 2
321 63 6
29 102 3
99 219 1
219 25 1
36 48 2
31 2 10
27 102 5
102 127 1
127 42 3
25 97 1
97 20 3
445 108 2
108 292 1
292 75 1
75 19 4
34 44 7
292 6 2
1 62 6
62 99 1
99 4 2
456 20 4
108 113 1
150 257 2
9 523 2
17 9 3
42 9 16
34 108 2
108 245 2
245 254 1
254 448 10
448 31 1
27 356 3
18 250 11
140 292 1
331 1 1
46 102 1
42 99 1
99 49 5
29 71 2
291 9 1
445 218 3
456 25 1
2 11 2
11 3 1
130 44 1
44 152 2
152 38 3
19 130 5
42 27 12
81 2 7
16 75 1
9 4 5
4 137 1
4 20 1
1 105 1
105 102 1
102 37 2
34 27 2
150 114 1
54 32 1
16 113 1
36 117 2
117 1 3
250 29 1
38 46 1
71 151 1
151 6 1
29 8 1
9 37 6
37 10 2
10 257 4
257 18 2
18 219 1
29 47 2
47 17 2
3 51 6
31 152 1
19 75 5
17 18 1
7 46 3
468 31 1
42 216 2
216 29 1
19 62 2
62 48 2
9 39 1
37 88 2
88 114 4
114 13 1
46 74 1
20 48 3
48 7 1
7 47 5
208 48 1
29 292 9
32 38 2
97 1 5
29 165 2
165 19 1
468 51 3
51 44 2
216 291 1
130 161 2
102 208 2
281 132 1
132 39 1
39 38 2
292 3 2
150 36 1
71 150 1
150 3 1
29 113 2
20 4 2
48 42 9
36 140 1
140 27 1
307 7 1
27 85 3
44 0 1
0 102 1
102 18 1
448 523 7
523 290 2
71 85 1
75 20 4
63 3 3
468 44 2
8 6 5
31 108 3
34 523 3
85 3 3
151 29 1
68 16 1
16 47 5
47 48 1
9 85 6
137 2 5
18 63 4
321 1 1
4 140 1
140 18 7
157 290 4
254 445 4
108 523 1
29 13 3
0 292 2
102 54 4
219 9 2
124 105 1
208 7 2
44 218 4
218 6 1
49 34 1
16 290 1
63 321 3
1 161 1
161 3 1
3 24 1
24 18 1
44 2 3
63 4 1
307 75 1
63 152 1
292 130 2
132 291 7
68 705 7
48 302 1
302 294 2
9 456 3
456 3 2
290 20 1
254 108 2
2 279 5
279 165 2
117 6 6
2 48 7
27 292 5
292 25 1
25 3 3
117 113 1
281 127 1
2 219 3
219 250 1
250 39 5
39 7 3
19 74 4
47 0 7
137 307 2
7 24 3
257 19 1
17 66 1
307 321 1
321 152 1
107 85 1
74 6 1
47 75 1
75 16 1
107 130 1
137 161 1
161 9 1
75 2 4
47 74 2
74 2 9
10 27 1
6 102 6
102 66 1
66 150 1
150 9 1
3 74 4
16 81 1
16 250 2
250 66 2
8 85 1
19 31 4
250 152 1
152 3 3
46 254 1
7 292 2
29 48 5
4 42 2
302 48 3
31 99 2
38 114 1
114 2 3
29 99 3
294 7 2
42 31 2
2 468 1
48 124 1
124 40 1
63 113 1
71 37 3
37 17 3
102 36 3
108 3 3
31 18 4
9 8 1
16 204 1
19 152 7
16 74 4
3 62 2
219 20 2
25 0 1
19 39 3
2 102 5
19 99 6
54 105 1
130 208 1
208 6 2
19 25 1
25 291 1
281 44 1
44 31 1
31 74 1
18 17 1
17 19 1
19 68 10
68 48 2
40 27 1
1 151 2
62 74 1
42 38 15
38 19 5
37 9 6
113 41 1
41 38 1
175 114 6
27 8 1
8 46 1
13 19 1
281 29 2
74 63 1
71 19 1
208 25 1
24 6 1
6 105 1
356 257 1
257 219 3
219 102 1
3 113 2
81 232 1
11 152 1
499 150 1
24 140 1
137 29 1
232 3 1
6 13 7
3 132 1
97 3 3
208 102 2
13 6 7
71 18 1
523 20 1
18 281 1
281 0 1
130 42 5
18 75 3
48 34 1
47 170 2
170 281 1
8 9 2
290 34 3
1 81 3
2 13 8
13 18 6
48 102 1
2 49 2
47 37 1
46 38 3
48 29 5
2 37 5
11 47 1
20 468 3
468 218 4
71 29 1
16 219 3
219 29 2
54 113 1
27 44 1
19 150 4
16 37 4
37 3 5
0 99 1
99 42 2
9 208 2
208 307 1
63 161 1
130 127 1
127 309 6
309 7 1
7 4 1
47 117 4
117 204 1
16 170 4
48 99 1
307 3 2
74 29 1
4 29 2
25 1 6
6 37 3
6 255 1
27 10 1
16 39 1
1 307 2
307 255 1
7 63 2
46 18 2
11 2 2
74 0 2
0 66 5
130 232 1
46 17 1
17 219 1
10 42 2
2 66 6
48 54 2
219 257 7
290 9 2
20 152 1
152 63 2
37 257 2
29 150 1
7 468 1
54 39 1
29 41 1
41 170 2
257 27 1
31 13 2
48 75 1
27 208 4
102 151 1
44 406 1
18 152 4
152 48 2
292 17 1
1 157 1
19 204 2
204 27 1
63 42 1
42 13 2
19 292 1
81 42 1
281 1 2
47 25 1
3 117 4
1 150 7
150 29 1
0 48 3
117 4 1
6 292 2
292 102 3
102 75 2
107 7 1
29 36 2
48 16 4
2 140 2
140 99 1
99 250 1
39 2 4
71 3 2
75 18 4
74 37 1
0 36 4
32 54 1
9 294 1
9 75 5
75 6 3
255 130 1
130 321 1
321 16 1
250 18 11
46 3 1
38 18 7
36 20 1
63 216 1
216 62 7
44 445 4
20 265 3
9 117 2
6 523 1
523 152 1
152 47 2
165 2 8
24 1 3
39 18 3
25 250 3
250 38 1
38 74 1
74 124 1
124 281 2
7 41 1
41 48 2
16 4 4
4 105 1
99 1 9
85 6 2
10 219 9
99 54 2
97 62 2
2 39 1
39 4 1
31 218 2
38 9 2
74 54 2
124 71 1
31 29 5
32 140 1
140 7 1
140 9 1
48 523 1
523 7 1
7 74 6
7 13 2
0 219 2
219 2 5
99 165 1
62 113 1
113 38 2
127 7 1
105 46 1
20 85 2
6 140 2
140 3 1
105 66 2
97 2 5
307 1 2
3 307 1
307 13 1
13 48 5
48 113 1
6 38 4
48 17 1
17 36 1
71 1 7
66 4 2
81 27 1
113 0 1
29 38 3
165 1 2
40 18 4
47 216 1
117 16 3
307 25 3
152 9 5
13 74 1
99 170 2
170 152 3
0 85 3
18 140 16
140 6 3
2 107 1
107 75 3
18 24 3
24 74 1
38 7 1
4 74 1
68 18 2
39 42 3
66 19 4
102 132 1
18 13 4
0 71 2
44 41 1
41 47 1
102 10 2
10 39 1
39 127 2
97 281 1
281 254 1
88 2 3
9 137 5
127 39 3
250 6 2
7 71 2
71 208 2
307 41 1
6 321 1
124 46 1
46 9 3
523 66 1
66 132 1
291 102 1
102 445 1
445 406 6
51 150 1
150 140 1
140 250 4
250 36 1
292 107 1
75 137 1
16 97 2
34 19 3
208 62 2
321 2 1
254 265 1
265 468 1
44 13 1
75 3 3
3 468 2
51 254 2
37 102 2
16 114 1
27 66 4
36 19 4
19 307 2
7 17 1
292 38 3
20 66 2
468 3 3
36 250 1
250 40 1
2 68 1
3 218 5
46 16 3
40 2 1
29 81 5
54 66 4
66 71 1
140 1 3
208 66 4
152 88 2
88 204 2
0 127 1
34 97 1
152 0 3
132 47 1
47 38 2
49 1 6
54 8 1
97 49 2
51 445 1
44 448 1
406 3 1
208 0 1
85 2 10
27 250 2
152 25 1
27 37 2
75 36 1
208 75 4
445 31 3
31 406 1
406 218 2
51 456 3
456 17 1
3 130 4
54 250 1
157 2 1
36 41 1
41 113 1
216 11 1
38 140 1
63 20 1
20 294 1
18 137 4
74 18 3
356 54 1
54 307 1
307 85 1
41 114 1
3 71 1
127 1 5
18 40 2
29 63 1
63 99 1
3 152 5
47 40 1
40 105 1
105 19 1
307 281 1
281 331 1
7 99 4
29 88 1
66 9 4
137 74 2
25 130 1
10 9 2
6 137 1
2 8 1
29 74 2
71 9 3
290 152 1
27 140 1
132 13 1
37 38 1
4 130 1
290 6 1
25 208 2
24 16 2
13 219 1
219 1 1
66 7 5
6 113 3
47 39 2
456 108 3
132 48 1
290 445 1
219 7 1
7 257 1
2 124 3
18 117 3
27 107 1
42 75 2
75 40 1
40 24 1
3 36 4
36 105 1
117 31 1
31 250 1
47 46 3
46 6 2
44 18 2
19 34 1
3 40 1
40 25 1
124 1 3
294 1 3
42 113 1
113 20 1
265 20 1
281 18 3
18 705 1
705 68 7
4 291 2
291 302 1
1 32 4
48 6 4
3 219 3
51 1 2
20 37 2
150 20 1
3 291 1
291 2 2
216 68 1
705 281 1
18 127 1
127 279 1
279 27 1
75 219 1
63 19 1
257 42 1
9 127 1
292 13 1
37 170 2
170 108 1
108 48 1
48 10 1
10 17 1
63 10 2
219 456 1
456 9 1
17 292 1
292 36 1
102 170 1
20 307 1
307 19 1
19 44 2
31 456 1
456 47 1
245 34 1
279 250 2
140 16 1
16 292 3
291 19 1
47 13 2
309 201 1
331 127 1
114 31 1
38 0 3
11 81 1
46 48 2
85 54 3
10 7 2
254 51 2
75 9 3
48 0 2
37 66 1
74 16 2
40 46 1
25 48 2
250 117 4
36 113 2
99 140 1
140 165 1
99 9 4
20 290 2
81 0 2
16 36 1
18 291 1
291 27 1
36 44 1
16 208 2
208 27 2
81 9 2
38 37 5
37 19 2
705 54 1
54 294 1
307 4 1
281 42 1
108 218 4
2 257 1
38 137 1
292 7 2
0 130 2
8 130 1
152 20 4
19 32 1
32 18 2
34 7 1
130 219 1
219 124 1
74 27 5
24 3 2
108 16 1
102 27 2
46 150 1
150 292 1
48 250 2
41 130 1
16 151 1
2 208 3
152 114 1
255 17 2
208 54 2
7 32 1
97 216 2
102 292 3
291 99 1
99 705 1
68 19 5
54 161 1
4 250 2
157 102 1
291 216 1
99 152 1
130 117 1
74 47 2
27 81 1
13 75 1
6 216 1
216 4 1
29 307 2
307 18 1
66 152 2
152 7 2
99 74 1
19 127 1
170 4 3
44 16 2
48 39 1
157 16 1
265 44 2
406 20 1
3 445 4
445 6 1
20 219 3
219 6 4
62 10 4
161 29 1
71 17 1
17 88 1
19 37 1
292 9 2
4 11 1
219 71 1
66 29 2
29 97 1
99 20 2
3 11 3
102 20 2
54 81 1
11 1 4
66 75 1
208 71 2
27 321 3
63 48 1
29 124 1
41 9 1
74 71 1
71 170 2
130 37 1
75 13 2
127 16 1
9 151 2
523 468 1
468 406 2
51 29 1
113 2 3
7 170 2
218 254 4
18 81 1
6 68 1
38 41 2
170 47 1
63 102 1
37 27 1
19 705 1
705 4 2
3 406 2
406 44 1
47 245 2
245 51 2
41 46 1
331 151 1
151 38 1
25 127 1
127 2 1
7 216 3
10 99 1
1 17 7
17 42 2
307 66 1
19 41 3
41 39 1
97 294 1
294 281 1
62 216 2
99 19 2
309 9 1
201 16 1
140 169 1
448 157 1
157 523 2
523 44 1
44 290 1
7 208 4
102 257 1
257 41 1
41 75 1
208 16 1
9 290 2
290 245 3
170 250 2
130 38 2
19 290 1
40 1 2
6 161 1
48 47 3
219 66 1
66 250 2
250 150 1
99 27 1
107 0 1
42 281 2
68 9 1
81 62 1
3 170 1
208 42 2
1 113 3
113 3 2
7 25 2
25 27 1
51 7 1
7 448 1
448 3 1
204 1 2
24 34 1
42 25 3
6 81 1
6 36 3
99 46 1
16 48 5
47 85 2
1 302 1
3 32 1
4 204 1
170 7 1
18 113 3
127 37 1
468 0 2
18 445 1
445 265 1
265 448 1
36 85 1
302 3 1
18 8 3
20 11 1
204 47 1
291 1 2
150 113 1
18 107 1
18 132 3
117 71 1
74 102 1
37 36 2
44 38 1
85 99 1
0 49 1
11 130 1
42 250 4
38 27 1
292 2 2
74 151 1
34 31 1
523 51 3
219 321 1
16 8 2
97 27 1
137 18 2
39 117 1
117 29 1
3 97 1
250 0 1
9 448 1
71 20 1
20 74 2
254 99 1
170 2 3
18 130 4
130 63 1
9 130 2
75 102 1
456 4 1
281 216 1
127 152 1
29 39 2
7 34 1
34 38 1
42 468 1
468 307 1
302 201 1
1 107 2
107 19 2
219 62 2
62 29 3
137 47 1
1 34 2
356 1 2
132 3 1
18 165 2
102 44 2
44 42 2
54 24 1
25 9 4
114 152 1
88 63 1
468 9 2
6 8 1
1 204 1
204 9 1
20 99 1
13 20 2
29 291 3
291 48 1
281 150 1
66 0 2
2 255 1
36 7 1
468 448 1
448 290 1
113 75 1
16 34 1
16 132 1
132 54 1
7 219 3
124 66 1
2 137 1
20 17 2
17 130 2
137 102 3
250 47 2
208 63 1
4 208 1
208 294 1
294 41 1
41 25 1
37 71 1
165 31 1
705 19 2
456 218 5
218 20 3
254 114 1
114 29 2
257 140 1
219 99 1
99 10 1
2 204 1
281 250 1
257 10 6
219 208 1
208 105 2
105 62 1
291 7 1
66 36 1
63 54 2
54 75 1
13 294 1
294 27 1
46 169 2
169 705 1
19 208 2
208 3 3
102 6 6
245 130 1
16 137 1
406 2 1
40 170 1
31 85 1
37 11 1
113 36 2
445 468 3
51 108 1
19 291 1
3 127 2
127 18 1
406 265 1
294 302 1
245 456 1
218 9 2
108 7 1
445 124 1
27 294 1
294 6 1
2 294 2
279 42 1
705 445 1
66 34 1
9 232 1
9 40 1
40 19 2
88 9 1
17 46 1
37 74 1
24 102 1
63 117 1
137 10 1
29 114 1
16 255 1
255 13 2
13 63 1
37 29 4
170 19 2
66 62 1
54 137 2
102 25 2
6 40 2
41 44 1
44 49 1
250 3 1
31 54 1
4 124 1
281 81 1
81 63 1
523 406 2
406 47 2
31 245 2
216 219 2
219 75 1
321 27 2
51 17 2
42 257 1
32 0 1
9 17 1
17 29 3
48 66 1
39 31 1
137 71 2
2 44 1
0 97 1
36 75 2
13 161 1
3 124 1
281 47 2
42 302 1
18 62 2
62 71 1
290 1 2
302 307 1
48 68 1
25 36 1
140 74 1
27 17 1
254 6 1
19 8 1
137 150 1
150 307 1
204 130 1
150 46 1
68 105 1
105 27 1
9 204 1
75 88 1
88 36 2
281 27 1
75 46 1
44 68 1
42 49 2
10 2 1
255 6 1
4 40 1
255 54 2
66 17 1
1 294 1
6 88 1
31 130 1
49 99 1
7 255 1
255 1 1
42 66 1
63 24 1
102 468 1
279 18 2
108 66 1
19 161 2
161 17 1
27 11 2
113 47 1
113 250 1
250 63 1
3 257 1
49 9 3
66 127 2
47 63 1
85 47 1
1 49 2
34 10 1
10 102 1
102 71 1
157 99 1
99 44 1
254 4 1
38 102 1
38 24 1
24 7 1
117 216 2
281 292 1
38 250 2
294 48 4
7 31 3
13 66 1
66 38 2
130 307 1
307 46 1
13 152 1
161 68 1
68 140 1
140 468 1
468 254 3
290 448 1
279 169 1
4 705 2
331 38 2
11 48 1
81 13 1
74 42 1
105 468 1
281 307 1
4 39 2
39 151 1
445 97 1
99 254 1
218 108 1
108 117 1
302 68 1
68 170 1
290 42 1
42 165 1
66 307 1
62 4 1
170 127 3
10 20 1
468 265 1
406 254 1
448 47 1
10 66 1
66 468 1
108 216 1
216 127 1
127 25 1
25 40 1
40 38 1
2 117 1
27 105 2
4 292 3
292 39 1
62 25 1
16 150 1
6 208 1
102 29 2
40 208 1
208 281 1
255 132 1
29 66 3
71 2 2
47 62 1
54 4 1
4 102 1
170 9 2
8 208 1
1 255 1
42 130 3
9 113 1
356 29 1
20 456 2
1 114 1
36 25 1
36 63 1
37 13 1
499 307 1
32 63 1
107 6 1
74 208 1
40 6 1
137 25 2
114 37 1
9 406 1
406 157 2
456 245 2
3 456 1
170 6 2
6 127 2
331 19 1
19 302 1
20 150 1
150 25 1
294 3 1
25 219 1
10 75 1
157 36 1
36 66 1
124 102 1
102 62 1
62 38 1
170 48 2
7 291 1
39 47 1
290 705 1
4 165 1
165 170 2
170 151 1
165 38 1
448 108 1
290 281 1
75 170 1
25 309 1
309 468 1
63 292 1
292 88 1
140 40 3
47 7 1
6 152 2
523 3 1
47 81 1
16 25 2
63 36 2
117 0 1
1 140 1
307 2 2
150 18 1
117 47 2
41 250 2
294 4 2
2 705 1
41 34 1
265 51 3
46 1 3
208 85 1
140 47 1
44 157 2
157 34 2
150 17 1
113 27 1
19 49 1
152 16 1
8 102 1
66 208 1
105 85 1
13 37 1
18 41 1
20 250 1
250 16 1
6 219 2
42 36 1
4 75 1
107 208 1
208 152 1
81 102 1
18 170 1
99 3 1
41 27 1
17 71 1
218 42 1
140 29 1
292 44 1
62 7 2
309 38 1
114 4 1
4 175 1
175 170 1
130 41 1
245 42 1
108 456 2
456 265 1
265 54 1
42 161 1
13 250 1
250 75 1
291 127 1
170 75 2
75 63 1
63 41 1
219 307 1
307 71 1
29 37 1
37 20 1
38 113 1
151 16 2
250 281 1
13 46 1
42 63 2
41 24 1
114 130 1
152 97 1
97 68 1
49 309 1
705 51 1
20 137 1
75 66 2
294 18 1
75 38 1
25 124 1
124 2 2
257 29 1
11 9 1
31 7 1
1 290 1
62 18 1
132 108 1
19 170 1
291 161 1
46 796 1
796 302 1
302 140 1
107 49 1
456 48 1
13 11 1
13 170 2
9 38 1
47 294 1
44 102 1
54 150 1
63 140 1
32 9 3
63 151 1
31 290 2
290 44 2
34 13 1
257 37 1
169 216 1
216 1 1
291 4 3
281 165 1
165 132 1
71 124 1
250 34 1
88 42 1
18 255 1
255 292 1
292 151 1
130 113 1
113 13 1
102 24 1
124 62 1
62 2 1
51 34 1
281 74 1
74 10 1
27 39 1
39 0 1
85 71 1
150 151 1
151 152 1
309 66 1
51 18 1
62 291 1
2 41 2
41 281 1
37 130 2
47 54 1
108 448 1
406 290 1
75 29 1
456 18 1
19 140 1
140 48 1
124 18 1
29 219 3
13 10 1
216 2 1
74 3 3
137 219 1
117 54 1
2 32 1
18 85 2
281 705 1
68 10 1
10 62 1
290 170 1
157 18 1
39 16 2
75 54 3
245 7 1
54 255 1
8 150 1
265 2 1
445 245 1
7 102 1
46 34 1
3 39 1
281 152 1
41 294 1
48 292 4
42 309 1
7 10 1
152 81 1
81 20 1
36 208 1
130 48 1
37 54 1
0 468 1
38 99 1
48 170 1
170 3 1
27 151 1
448 265 2
265 523 2
0 34 1
281 291 1
291 68 1
290 127 1
117 170 1
170 254 1
31 254 1
254 3 1
445 157 2
331 16 1
16 127 1
108 0 1
48 151 1
48 3 2
34 265 1
290 3 1
9 257 1
62 20 1
6 44 1
216 46 1
170 39 1
48 281 1
62 170 1
2 281 1
281 170 1
7 81 1
81 3 1
20 157 1
157 9 1
66 20 1
290 19 1
150 208 1
88 307 1
34 37 1
36 281 2
4 307 1
42 44 1
169 19 1
705 1 1
245 102 1
468 292 1
7 36 1
17 102 1
99 36 1
44 54 1
36 114 1
16 44 1
245 48 1
161 42 1
250 24 1
406 445 1
218 294 1
48 169 1
68 38 1
309 2 1
3 448 1
108 19 1
81 16 1
218 75 1
114 10 1
97 48 1
1 165 1
165 18 1
161 18 1
9 66 2
27 71 1
108 468 1
245 44 1
265 406 1
8 0 2
445 456 1
456 34 1
34 448 1
448 406 1
81 36 1
54 31 1
25 54 2
19 11 1
11 36 1
74 290 1
44 265 1
51 2 1
48 32 1
290 2 1
150 8 1
8 42 1
406 152 1
152 36 2
36 49 1
6 32 1
38 208 1
208 150 1
19 97 1
127 19 1
38 20 1
105 2 1
63 7 2
294 152 1
63 37 1
63 47 1
19 71 1
71 42 1
294 292 1
165 48 1
0 257 1
97 7 2
66 40 1
307 32 1
24 42 1
250 13 1
127 130 1
130 281 1
6 97 1
49 102 1
36 13 1
8 16 1
4 108 1
108 31 1
46 250 1
54 38 1
17 25 1
37 208 1
208 8 1
71 4 1
13 16 1
113 6 1
97 19 1
281 39 1
29 169 1
9 88 1
88 6 1
6 114 2
11 292 1
38 309 1
113 169 1
140 117 2
302 1 1
66 130 1
51 3 2
356 66 1
150 130 1
114 36 1
75 17 1
75 250 1
39 66 1
13 117 1
48 216 1
216 132 1
132 29 1
113 140 1
0 25 2
291 170 1
170 216 1
150 13 1
20 124 1
113 130 1
44 19 1
63 0 2
62 0 1
4 7 1
307 29 1
281 16 1
113 19 1
32 130 1
127 75 1
107 63 1
219 3 1
16 232 1
25 42 1
66 27 1
85 137 1
17 107 1
63 9 1
150 85 1
41 152 1
19 132 1
281 48 1
29 75 1
75 41 1
99 127 1
42 71 1
99 6 1
137 16 2
66 257 1
16 85 1
250 25 1
4 127 1
27 32 1
4 132 1
150 19 1
114 1 1
218 250 1
250 20 1
157 456 1
124 16 1
281 204 1
204 75 1
74 38 1
38 25 1
25 7 1
34 140 1
140 20 1
20 46 1
102 13 1
13 137 1
71 44 1
75 113 1
113 170 1
130 105 1
11 27 1
257 113 1
63 6 2
37 75 1
10 32 1
20 281 1
9 250 1
13 165 1
309 281 1
31 41 1
796 0 1
127 170 1
170 18 1
165 16 1
24 29 1
151 48 1
85 107 1
47 71 1
218 16 1
9 140 1
292 127 1
169 302 1
279 309 1
157 47 1
31 170 1
66 6 1
27 170 1
17 63 1
97 150 1
11 6 1
47 99 1
8 37 1
321 254 1
448 445 1
165 523 1
34 4 1
74 88 1
448 20 1
265 97 1
97 456 1
218 157 1
8 38 1
1 44 1
44 37 1
130 6 1
6 307 1
16 66 1
216 170 1
97 16 1
75 152 1
71 0 1
63 66 1
219 19 1
