*Vertices 24
0 "Colosseum" 2432
2 "Piazza Navona" 792
3 "Pantheon" 1275
4 "St. Peter's Basilica" 738
5 "Trevi Fountain" 1998
6 "Basilica di Santa Maria Maggiore" 336
7 "Vatican Museums" 744
20 "Piazza Venezia" 53
21 "Spanish Steps" 364
22 "Piazza di Spagna" 113
23 "Monumento a Vittorio Emanuele II" 197
33 "Palatine Hill" 354
51 "Roman Forum" 606
54 "Vatican City" 178
59 "Sistine Chapel" 323
60 "Museo Nazionale di Castel Sant'Angelo" 288
62 "Cupola di San Pietro" 66
63 "La Pieta" 58
64 "St. Peter's Square" 128
66 "Trastevere" 416
99 "Galleria Borghese" 269
101 "Arco di Costantino" 43
167 "Fontana dei Quattro Fiumi" 42
509 "Baldacchino di San Pietro&& di Bernini" 25
*Arcs 179
2 3 32
3 4 81
5 0 147
6 3 49
7 0 20
0 5 467
5 3 234
20 21 2
21 22 7
22 23 6
33 5 32
5 33 29
33 51 33
4 7 79
7 3 15
3 21 28
21 23 5
23 2 6
2 54 6
5 21 54
3 5 122
0 4 71
0 51 147
51 5 49
5 7 47
51 0 62
60 6 4
0 62 2
62 7 4
62 59 3
59 63 12
63 64 4
64 54 6
54 7 6
7 4 62
0 6 23
0 2 66
5 4 82
2 51 40
51 33 81
33 21 19
3 2 115
2 21 39
3 51 89
51 2 42
2 60 21
60 0 13
3 0 144
21 33 7
0 33 65
33 59 10
59 51 3
51 4 13
0 66 31
99 54 1
54 4 21
4 62 12
62 60 3
60 22 2
22 0 2
33 23 5
23 3 8
3 66 21
4 60 13
23 101 4
101 2 2
0 21 24
4 2 48
51 66 24
66 33 5
4 51 10
2 7 40
7 21 14
21 59 20
2 5 99
0 7 44
0 3 144
4 54 7
7 5 29
21 66 18
5 2 110
2 4 19
4 0 19
6 51 16
2 99 10
99 0 5
51 3 23
7 59 67
7 51 19
51 59 7
3 7 31
3 23 8
23 51 5
51 21 15
3 6 14
6 0 23
5 60 29
7 33 13
59 66 10
66 51 2
21 0 17
33 99 5
5 66 34
5 23 23
23 7 6
5 51 33
59 64 9
64 4 9
2 22 6
4 66 8
66 2 18
2 6 4
59 3 11
5 54 10
4 59 54
66 5 43
2 167 9
167 0 2
4 21 13
33 0 18
59 7 41
5 99 23
99 2 4
6 2 4
60 2 10
2 59 5
33 167 2
2 0 30
4 33 14
63 3 1
4 3 26
21 20 2
21 5 22
2 23 8
0 59 11
33 2 33
3 60 12
60 7 8
60 4 7
33 3 12
51 60 12
33 66 7
4 5 30
5 59 19
6 5 15
66 59 3
23 21 3
21 2 14
23 5 8
23 6 4
99 7 5
21 3 9
7 99 8
99 66 7
20 5 3
60 66 5
7 66 6
66 3 13
66 0 12
0 54 13
64 5 4
51 99 3
99 33 5
59 4 24
4 64 23
64 21 3
22 51 2
51 23 9
5 101 2
21 51 8
3 33 22
64 62 4
0 99 15
6 66 5
21 99 5
0 64 4
64 59 9
54 509 1
0 101 7
51 20 1
20 3 4
21 7 9
60 3 13
99 21 3
7 63 7
63 59 7
4 63 13
54 33 2
2 66 31
62 0 2
66 21 10
7 23 4
60 99 2
99 5 14
2 33 12
7 2 9
167 21 2
33 60 5
21 4 7
7 54 4
3 59 6
7 64 9
20 23 11
23 0 9
22 5 13
54 60 2
0 60 8
60 21 2
51 7 8
33 4 9
99 60 6
60 5 20
33 54 3
54 21 2
54 22 1
66 7 6
99 4 3
5 6 9
5 64 4
5 20 2
99 23 1
7 509 1
63 5 2
6 99 8
60 101 1
23 60 5
101 22 1
22 3 3
21 60 8
60 23 4
23 4 5
60 54 2
20 0 5
59 54 3
54 0 8
66 4 4
59 21 7
167 33 1
33 101 5
0 23 12
63 509 6
509 64 4
62 4 4
21 54 5
54 63 7
66 6 5
59 0 10
59 5 3
3 99 8
33 20 2
59 62 5
62 33 1
99 63 1
63 22 2
23 64 4
4 22 1
54 59 8
23 20 5
101 51 1
62 2 1
66 60 7
54 51 5
59 60 2
99 6 4
64 2 4
51 167 2
101 7 1
66 22 2
2 20 4
20 54 1
62 64 5
33 6 4
23 22 4
6 7 1
4 23 4
64 60 4
60 33 2
5 22 11
7 60 9
64 0 3
23 66 2
4 6 3
0 22 5
22 4 2
7 62 6
509 167 1
167 23 1
59 99 6
6 60 6
64 63 3
66 99 6
64 7 5
33 7 4
7 6 4
6 21 2
63 54 4
54 6 1
63 62 2
62 509 4
99 3 8
23 62 1
20 33 1
22 21 4
99 51 3
54 64 2
64 23 1
3 54 4
0 167 2
167 20 1
2 101 1
101 66 1
60 51 8
6 4 5
5 62 1
59 101 1
59 33 3
64 66 2
167 2 3
64 20 3
3 22 6
22 2 7
64 509 1
64 3 6
22 33 3
3 64 2
23 167 1
22 99 1
66 23 3
20 101 1
23 54 1
63 4 1
51 62 1
101 167 1
2 64 3
54 66 2
22 64 3
60 59 3
4 99 4
20 22 2
63 60 1
60 64 2
62 63 4
7 22 1
54 62 3
54 5 2
62 5 1
21 167 2
64 167 2
167 101 1
64 22 1
60 20 2
62 54 2
21 6 1
99 59 4
51 6 2
167 3 2
59 6 3
6 63 1
101 33 1
22 60 1
101 0 1
59 20 1
509 0 1
51 64 1
21 64 1
64 51 1
64 33 2
101 3 1
20 51 1
167 5 1
6 64 1
509 7 1
59 509 2
0 20 1
20 60 1
22 6 3
2 62 1
509 63 1
6 23 3
62 21 1
4 509 1
509 4 1
63 7 1
64 6 1
6 20 1
