*Vertices 212
0 "Postojna" 83
3 "Klagenfurt" 84
4 "Zagreb" 121
5 "Trieste" 663
10 "Grado" 70
11 "Aquileia" 57
14 "Villach" 28
15 "Tarvisio" 111
17 "Gorizia" 43
20 "Kranjska Gora" 37
26 "Ljubljana" 195
29 "Bled" 108
38 "Duino" 32
47 "Cividale del Friuli" 51
53 "Sgonico" 19
144 "Ptuj" 19
*Arcs 372
10 11 3
29 26 8
17 11 1
53 47 1
26 29 6
11 10 1
53 11 1
11 15 1
17 5 2
5 53 6
53 5 9
5 29 2
5 11 1
11 5 1
15 17 1
15 20 2
5 15 2
0 29 3
26 0 6
0 20 1
26 4 1
5 10 1
29 15 1
5 0 4
26 144 1
11 47 2
47 5 2
5 26 2
10 17 1
15 14 1
5 17 1
38 53 1
29 5 1
5 38 3
47 53 1
53 38 1
29 0 2
0 5 2
15 5 3
38 15 1
15 47 1
5 47 1
3 14 1
14 3 1
53 0 1
26 5 2
38 17 1
11 53 1
38 5 1
