*Vertices 266
0 "Postojna" 190
1 "Trieste" 1577
7 "Ljubljana" 763
9 "Kobarid" 38
10 "Bohinjsko Jezero" 91
12 "Grado" 93
14 "Klagenfurt" 199
15 "Karlovac" 34
18 "Zagreb" 569
24 "Aquileia" 106
26 "Varazdin" 14
32 "Villach" 62
36 "Bled" 316
38 "Tarvisio" 159
40 "Ptuj" 28
41 "Gorizia" 101
45 "Kranjska Gora" 82
46 "Piran" 103
49 "Zgornje Gorje" 47
52 "Keutschach am See" 45
53 "Maribor" 38
59 "Monfalcone" 25
62 "Sgonico" 27
65 "Duino" 46
76 "Cividale del Friuli" 87
92 "Koper" 73
95 "Muggia" 29
97 "Podcetrtek" 64
105 "Marezige" 15
129 "Gradisca d'Isonzo" 24
136 "Izola" 36
180 "Strunjan" 22
*Arcs 570
9 7 2
7 10 7
12 24 6
0 36 5
0 46 2
1 41 3
41 1 6
7 14 1
36 7 20
7 36 23
41 24 1
62 76 1
24 12 3
1 95 7
95 1 3
62 24 1
24 38 1
18 26 1
7 1 5
52 14 8
1 62 10
62 1 12
1 36 7
36 53 1
53 7 1
24 59 1
1 24 3
14 52 8
24 1 2
32 14 4
46 7 4
36 10 13
10 49 2
18 7 6
38 41 1
1 7 5
38 45 2
92 7 1
53 40 2
7 18 13
46 136 2
18 36 4
1 38 4
105 1 1
0 49 1
49 36 8
12 65 1
7 0 10
0 45 1
36 0 7
59 41 1
7 92 1
10 36 6
10 0 2
36 45 2
45 7 1
10 45 1
105 46 1
46 180 2
24 62 2
1 92 1
92 1 3
1 12 2
36 49 10
49 10 2
36 38 1
1 0 4
7 40 1
95 12 1
24 76 3
76 1 2
46 92 2
1 180 1
12 41 1
0 7 3
49 9 1
9 0 1
1 136 1
136 46 1
136 180 2
38 32 1
1 65 6
1 59 1
10 7 3
65 62 1
36 1 3
65 1 2
7 95 1
45 0 1
53 97 1
97 7 1
14 7 1
49 0 1
76 62 1
62 65 1
0 1 2
46 59 1
59 1 1
18 15 1
14 32 2
7 49 2
95 46 1
46 0 3
45 46 1
46 38 1
92 0 3
95 7 1
45 36 1
49 7 2
7 46 2
38 1 3
65 38 1
36 9 1
9 45 1
129 41 1
53 0 1
36 46 1
0 10 1
38 76 1
38 36 1
1 76 1
136 1 1
36 18 2
62 0 1
0 92 2
180 46 1
46 105 1
65 41 1
18 0 1
0 18 1
95 62 1
