*Vertices 301
0 "Ljubljana" 5097
1 "Trieste" 3517
3 "Zagreb" 3657
4 "Podcetrtek" 164
5 "Mojstrana" 59
6 "Bohinjsko Jezero" 464
7 "Bovec" 174
9 "Kranjska Gora" 372
10 "Kobarid" 190
12 "Postojna" 1285
14 "Cormons" 42
16 "San Leonardo" 15
17 "Aiello del Friuli" 66
18 "Bled" 2109
19 "Divaca" 79
20 "Zgornje Gorje" 532
21 "Fogliano Redipuglia" 70
22 "Gorizia" 195
23 "Tarvisio" 228
26 "Klagenfurt" 485
31 "Portoroz" 142
33 "Maribor" 343
34 "Varazdin" 62
36 "Radovljica" 96
39 "Skocjan" 117
40 "Landskron" 72
41 "Piran" 392
42 "Sgonico" 102
43 "Hermagor" 81
44 "Novo Mesto" 41
45 "Grado" 178
46 "Villach" 172
49 "Ptuj" 165
50 "Keutschach am See" 108
55 "Lasko" 61
59 "Cividale del Friuli" 190
67 "Aquileia" 344
68 "Muggia" 97
69 "Sisak" 18
73 "Leutschach an der Weinstrasse" 39
80 "Tolmin" 77
82 "Skofja Loka" 73
84 "Duino" 130
89 "Koper" 194
99 "Celje" 81
101 "Lipica" 74
105 "Kranj" 39
121 "Stara Fuzina" 30
134 "Idrija" 30
153 "Stanjel" 21
179 "Maria Worth" 22
*Arcs 1334
0 4 2
5 6 2
7 0 6
0 7 2
9 10 2
1 22 10
20 6 22
12 0 80
0 3 68
3 18 27
18 6 84
6 0 24
0 12 87
0 6 18
6 18 43
18 0 142
0 18 141
18 20 136
20 7 3
34 3 3
20 18 180
0 39 7
18 12 78
18 41 5
1 42 26
42 1 21
1 12 16
12 49 2
12 39 13
39 12 12
12 18 79
18 36 14
36 6 6
3 0 82
0 20 24
1 21 10
12 19 11
55 18 2
46 26 3
26 50 20
50 9 1
0 1 32
1 0 39
20 9 3
36 0 8
1 68 9
43 26 2
33 0 10
44 0 2
9 20 4
3 12 11
12 1 16
1 18 13
20 0 18
10 5 2
39 80 1
5 0 3
80 10 3
10 23 2
59 4 1
12 3 16
3 20 5
36 19 1
19 12 5
18 1 18
0 89 10
89 1 4
21 23 1
59 22 6
45 67 6
23 59 1
21 1 3
1 67 14
45 31 1
23 9 11
36 12 4
41 101 2
101 18 4
84 1 18
36 39 1
41 12 13
68 1 7
1 84 15
84 42 3
12 21 1
3 33 2
67 84 1
84 45 1
59 10 2
10 1 2
1 101 3
101 68 1
68 41 1
40 50 1
6 41 3
39 99 1
0 9 3
9 0 5
20 39 1
6 121 11
121 105 1
105 9 1
9 105 1
0 82 10
3 41 5
41 3 5
0 67 2
6 33 2
10 18 6
9 7 8
0 49 3
121 6 2
18 50 1
50 40 3
18 3 17
6 36 7
20 12 11
12 6 9
50 18 3
6 12 14
12 134 2
18 39 5
33 31 1
31 41 7
12 153 3
153 0 2
0 41 17
41 89 6
89 31 1
31 0 2
9 33 1
33 49 9
0 84 1
59 67 3
67 1 19
19 0 3
41 0 11
10 7 7
7 9 7
9 6 4
101 41 2
18 9 19
1 10 3
67 45 10
6 84 1
101 12 10
26 46 5
9 80 3
80 9 3
9 18 10
33 80 1
31 18 1
82 153 1
20 82 4
82 12 7
39 41 2
9 5 4
12 41 6
20 3 4
22 45 2
45 22 2
12 80 1
49 0 3
0 179 2
0 26 3
34 49 1
105 49 1
49 36 1
36 82 1
82 49 1
49 33 4
33 18 3
18 44 1
44 3 1
3 99 1
99 3 2
40 26 4
50 26 10
7 12 5
0 121 1
121 18 3
6 9 4
7 10 9
10 80 9
0 10 5
49 4 1
4 0 3
18 21 1
59 18 2
39 0 2
67 59 2
0 36 8
36 18 7
41 39 3
9 23 7
7 23 4
9 101 1
12 23 1
39 6 4
0 17 1
26 20 1
46 9 3
39 19 4
12 26 2
101 1 2
22 1 5
67 42 2
80 7 4
41 55 1
55 4 2
1 89 6
67 21 2
21 67 1
18 23 2
50 43 1
43 40 1
12 20 14
0 55 4
12 99 3
18 33 2
18 105 1
105 0 2
99 6 1
6 20 12
0 19 5
19 1 3
80 36 1
7 41 1
41 6 1
99 18 2
12 68 1
33 3 2
89 41 5
26 40 5
18 121 2
121 20 2
6 3 5
41 1 6
1 33 2
12 101 5
0 33 9
18 101 1
20 84 1
9 39 1
46 43 1
0 153 2
18 82 1
82 105 2
68 31 1
12 10 3
3 1 8
23 0 3
59 12 1
99 1 1
45 89 1
1 41 10
3 6 1
50 12 1
12 40 1
3 69 2
7 80 5
10 12 2
12 7 2
5 7 2
7 121 1
121 23 1
82 18 3
20 26 2
26 1 2
1 50 1
5 46 1
84 12 1
19 67 1
23 18 3
121 39 1
18 7 6
7 18 5
6 7 3
0 105 1
50 0 1
0 43 1
1 3 4
42 67 3
121 0 1
20 10 3
46 23 1
22 12 2
22 3 2
10 59 1
33 39 2
89 0 6
0 68 2
68 10 1
10 31 1
9 12 3
12 82 4
0 5 2
31 12 2
59 1 4
49 99 2
36 99 1
5 9 7
19 82 1
82 101 1
101 0 4
33 55 1
6 40 1
40 20 1
17 59 1
23 42 1
89 3 2
80 1 1
22 59 6
36 5 1
1 17 1
89 101 3
67 14 1
41 31 4
121 80 1
45 1 5
121 10 1
22 67 3
3 82 2
82 20 2
5 20 1
20 5 3
1 45 4
12 33 2
33 73 1
73 33 1
5 12 3
50 179 3
179 26 2
3 4 1
4 44 1
10 21 1
21 22 3
4 3 4
1 14 1
0 99 5
99 55 2
55 1 1
46 50 2
40 43 1
43 46 1
49 12 2
33 89 1
41 18 7
18 10 4
10 101 1
7 33 2
4 6 1
26 7 1
23 1 3
89 68 1
179 50 1
50 46 1
0 21 1
3 34 5
19 18 2
1 39 1
22 84 1
20 46 1
3 89 1
19 20 2
80 18 1
7 5 2
46 20 1
45 68 1
59 0 2
6 99 1
5 36 1
6 134 1
134 6 1
6 105 2
105 82 3
82 134 1
134 0 3
20 19 2
7 6 2
82 0 4
4 18 1
0 80 1
80 59 1
134 1 1
99 12 1
12 55 1
22 23 1
23 67 1
68 59 2
18 99 1
23 40 1
1 26 1
1 59 2
12 9 4
1 23 1
20 89 1
36 20 1
12 84 1
84 41 1
45 84 1
12 36 1
0 31 2
22 0 1
0 59 1
46 0 1
1 99 1
12 105 2
99 33 1
39 49 1
82 36 3
19 41 2
12 50 1
49 18 1
7 31 1
49 3 3
23 46 1
105 6 1
9 50 2
3 44 1
80 12 4
0 101 5
7 20 1
18 19 2
19 101 1
26 0 1
1 31 2
42 39 1
39 20 2
20 23 1
49 34 1
10 121 1
73 26 1
6 80 3
46 17 1
99 0 1
99 20 1
39 18 3
49 1 1
84 68 2
1 20 1
9 19 2
49 6 2
36 3 2
101 5 1
26 3 1
20 105 1
89 12 3
134 3 1
59 7 1
12 89 2
20 121 1
179 0 2
6 31 1
31 10 1
26 18 1
45 23 1
41 33 1
10 0 4
80 41 1
23 33 1
80 6 2
0 50 1
0 134 1
134 39 1
1 55 1
68 0 1
18 5 1
84 18 1
4 12 1
3 49 1
42 12 1
41 19 1
19 153 1
89 82 2
5 10 2
22 18 2
1 4 1
19 4 1
18 49 1
50 23 1
105 12 2
55 12 2
6 101 1
101 19 1
41 9 2
5 80 1
84 67 2
80 39 1
9 121 1
67 22 2
41 10 1
80 19 1
1 9 2
9 3 1
23 179 1
179 40 1
23 5 1
5 18 2
45 14 1
45 59 1
89 105 1
36 1 1
6 5 1
68 33 1
6 49 1
18 46 1
46 84 1
84 23 1
67 23 1
42 0 2
134 101 1
31 1 1
42 84 2
3 10 1
10 3 1
26 10 1
101 39 1
41 7 1
18 89 2
26 6 1
80 20 2
9 67 1
6 17 1
68 12 1
22 80 1
20 67 1
46 40 1
9 1 1
0 42 1
33 6 1
121 5 1
0 22 1
45 41 1
55 0 2
39 7 1
6 82 1
50 68 1
101 3 1
20 41 1
82 19 1
19 49 1
33 99 1
19 89 1
21 12 1
31 89 1
6 1 1
101 49 1
44 99 1
42 59 1
82 39 1
59 23 1
